100
42
11
1
2018
9041413639957074
3
6101770686582746
8
8112898287234593
3367132061234516
8888888888888889
95
1620837222706713
51904386848439
4016903210842026
2712824328504317
1813695323717297
2900727218456079
164695715801688
888541770974928
4132832453575390
10
2
1970790171824855
9
9909989211110360
5
9479798267689279
5546703049074744
3964578051648927
3803286020816591
5886878598905534
7129733390455704
2776163438340065
5237812446950794
507209154175712
6363751456622823
7009276871294725
2675727484398359
6
9350542718653176
5879715390197402
7453867880613917
5962100607338052
4167964573994825
6162124916765526
9999999999999999
1765736630836878
7
5124048238792627
9054807579935902
3093610782246963
4984620840357087
480502443082383
6851266369475789
2719049085983943
843433911837443
7686389817796754
5735713773779687
5273664064337163
2560100069498086
10000000000000000
3988454504714134
6155793240624703
2391047706971732
4825654574899380
9893572521096330
6100445458712962
7607314905192578
6682334137266381
96018334443907
4499615191265214
3937061790232515
4
9519782554455619
8885793271739357
295405842374686
1063169453453943
4731572800035281
1029187348180971
3078541733503772
1208489638096602
2065993811791476
8385151342181431
1044290210766318
9745940437320688
173736595673811
959152724212111
6799839932176076
3673521619945214
442789677311247
9461727567600702
6369486871205136
1594306422122467
7063354373124420
1555555555555555
5131777044155863
3606599646225293
3764489257058545
8077507996597662
